63
5
1 2 3 4 5
2
4
7
10 15 20 13 2 1 44
4
14
5
16 20 11 11 11
4
11
8
45 20 4 50 18 45 7 19
6
54
6
0 0 0 1 1 1
5
1
5
1 2 3 4 5
5
4
5
3 5 3 3 5
3
4
2
3 5
1
4
5
1 1 2 5 5
2
5
7
10 15 20 13 2 1 44
1
14
7
10 15 20 13 2 1 44
2
14
7
10 15 20 13 2 1 44
3
14
7
10 15 20 13 2 1 44
4
14
7
10 15 20 13 2 1 44
5
14
7
10 15 20 13 2 1 44
6
14
7
10 15 20 13 2 1 44
7
14
5
1 2 3 4 5
5
4
5
3 5 3 3 5
3
4
2
3 5
1
4
8
0 0 0 0 0 0 0 1
3
1
13
0 0 0 0 0 0 0 0 0 0 1 1 1
7
1
7
2 10 20 13 21 22 23
4
14
15
1 1 1 0 0 0 0 0 0 0 0 0 0 0 0
10
1
7
10 15 20 13 2 1 44
4
14
8
0 0 0 0 0 0 0 1
3
1
9
0 0 0 0 0 0 0 0 1
5
1
16
1 1 1 1 0 0 0 0 0 0 0 0 0 0 0 0
1
1
16
1 1 1 1 0 0 0 0 0 0 0 0 0 0 0 0
2
1
16
1 1 1 1 0 0 0 0 0 0 0 0 0 0 0 0
3
1
16
1 1 1 1 0 0 0 0 0 0 0 0 0 0 0 0
4
1
16
1 1 1 1 0 0 0 0 0 0 0 0 0 0 0 0
5
1
16
1 1 1 1 0 0 0 0 0 0 0 0 0 0 0 0
6
1
16
1 1 1 1 0 0 0 0 0 0 0 0 0 0 0 0
7
1
16
1 1 1 1 0 0 0 0 0 0 0 0 0 0 0 0
8
1
16
1 1 1 1 0 0 0 0 0 0 0 0 0 0 0 0
9
1
16
1 1 1 1 0 0 0 0 0 0 0 0 0 0 0 0
10
1
16
1 1 1 1 0 0 0 0 0 0 0 0 0 0 0 0
11
1
16
1 1 1 1 0 0 0 0 0 0 0 0 0 0 0 0
12
1
16
1 1 1 1 0 0 0 0 0 0 0 0 0 0 0 0
13
1
16
1 1 1 1 0 0 0 0 0 0 0 0 0 0 0 0
14
1
16
1 1 1 1 0 0 0 0 0 0 0 0 0 0 0 0
15
1
16
1 1 1 1 0 0 0 0 0 0 0 0 0 0 0 0
16
1
17
1 1 1 1 1 1 0 0 0 0 0 0 0 0 0 0 0
1
1
17
1 1 1 1 1 1 0 0 0 0 0 0 0 0 0 0 0
2
1
17
1 1 1 1 1 1 0 0 0 0 0 0 0 0 0 0 0
3
1
17
1 1 1 1 1 1 0 0 0 0 0 0 0 0 0 0 0
4
1
17
1 1 1 1 1 1 0 0 0 0 0 0 0 0 0 0 0
5
1
17
1 1 1 1 1 1 0 0 0 0 0 0 0 0 0 0 0
6
1
17
1 1 1 1 1 1 0 0 0 0 0 0 0 0 0 0 0
7
1
17
1 1 1 1 1 1 0 0 0 0 0 0 0 0 0 0 0
8
1
17
1 1 1 1 1 1 0 0 0 0 0 0 0 0 0 0 0
9
1
17
1 1 1 1 1 1 0 0 0 0 0 0 0 0 0 0 0
10
1
17
1 1 1 1 1 1 0 0 0 0 0 0 0 0 0 0 0
11
1
17
1 1 1 1 1 1 0 0 0 0 0 0 0 0 0 0 0
12
1
17
1 1 1 1 1 1 0 0 0 0 0 0 0 0 0 0 0
13
1
17
1 1 1 1 1 1 0 0 0 0 0 0 0 0 0 0 0
14
1
17
1 1 1 1 1 1 0 0 0 0 0 0 0 0 0 0 0
15
1
17
1 1 1 1 1 1 0 0 0 0 0 0 0 0 0 0 0
16
1
17
1 1 1 1 1 1 0 0 0 0 0 0 0 0 0 0 0
17
1
5
2 4 1 1 0
4
1
5
5 5 5 5 5
5
2
8
45 20 4 50 18 45 7 19
6
54
8
0 0 0 0 0 0 0 0
3
1